0.24226181
-0.07254696
-0.01276162
0.04359048
0.18511316
0.22342053
-0.27841485
-0.26202604
0.00198603
0.12849763
0.24193436
-0.08025631
0.16030753
-0.01280454
-0.21281919
-0.24030009
-0.28007343
0.12745677
0.02045798
0.11547238
-0.07380594
-0.03538093
0.03253518
0.21426867
0.01050222
0.11192586
-0.08445192
0.13846502
0.23552421
-0.00879703
0.04773787
0.14786711
0.20017704
-0.26202777
-0.07999760
0.11121476
-0.19433855
0.12467632
-0.11050000
-0.09819583
-0.07774589
0.04921422
0.15487055
0.06471728
0.06764828
-0.02532592
-0.14893459
-0.17023791
-0.14846259
0.12582268
0.05866186
0.11447699
0.11717546
0.13747638
0.09498274
-0.09913689
0.05641120
0.15991053
0.25948906
-0.06761709
-0.10832755
-0.02361726
0.22410196
-0.08536465
-0.17563666
-0.15970197
-0.27618736
0.02412102
-0.35912752
0.08828485
-0.12296273
0.15517046
-0.21816769
0.24894917
0.12862270
0.19808677
-0.22052933
-0.06618131
0.16626836
-0.00780142
0.05792186
0.10293315
-0.08274060
0.06183716
0.07521705
0.11397813
0.09910393
-0.35400379
-0.03176897
0.09042695
0.09524838
-0.26888460
-0.19122931
0.13323480
0.11397539
-0.07953270
0.16008112
0.12528233
0.01914984
0.07162761
0.25498119
-0.09087154
-0.29365459
-0.18518113
0.18918851
0.09992626
0.10220474
0.05124431
-0.08496300
-0.08302508
-0.26360303
0.03699037
-0.06007895
-0.16114269
0.11442997
0.14478011
0.09031754
-0.08874362
0.15554230
0.12908533
-0.07127096
-0.07673042
0.19580345
0.08510379
0.11244653
0.06293642
-0.04779807
0.17361926
-0.02682956
-0.14313526
-0.14494561
0.20243758
0.11906318
0.00274446
0.14514987
0.15191492
0.23307373
-0.02375121
-0.03092818
-0.02716306
-0.19201003
0.15793437
-0.07979582
-0.08698491
0.02346435
0.13710888
-0.10494988
0.15411188
0.19101505
-0.04078548
0.19220039
0.24752422
0.19481118
-0.30232656
0.09128664
-0.04696830
0.12074368
0.25710914
-0.02529032
0.13329402
-0.27269703
0.02143354
0.01186806
0.20470335
-0.11473881
0.08554254
0.24400659
0.08856245
0.06440387
0.00591037
-0.09948156
0.18294056
-0.07076871
0.10543686
0.09385846
-0.15487656
0.19586921
0.14011081
0.07217969
-0.05363227
-0.03556766
0.11880582
-0.05970550
-0.10811627
0.15430795
-0.15130043
-0.16597773
-0.09192819
-0.29878300
0.07982580
0.07436726
-0.17838360
0.09962860
0.15664771
0.22066562
-0.09574081
0.01451125
-0.17293067
0.12031012
0.13544853
-0.13124788
-0.19411501
-0.22456761
-0.01544364
-0.04845396
0.09300163
-0.16672295
0.19483681
0.06844663
-0.27638260
0.13715285
0.00501716
0.04919913
0.05654175
-0.05704204
-0.05534885
-0.15766083
-0.02429972
0.07478231
0.12345562
0.10060111
-0.01037351
-0.22145917
-0.00597767
0.04103445
0.21946441
0.05987325
-0.20913032
0.04576060
-0.21501505
0.20775984
-0.02940110
-0.07763685
-0.18105888
-0.25287959
-0.35963792
0.19115879
0.20889296
-0.10718587
0.17028253
0.15932451
0.06661939
0.11592235
0.02702673
0.06292690
0.06096996
0.08083224
0.06798414
-0.04689231
0.09747383
-0.12270832
0.21363690
0.12415471
-0.17044787
-0.29909480
0.08637523
-0.28810507
0.14596739
0.16311857
-0.15358488
0.07581820
-0.12591773
-0.00551699
0.10471973
0.11706502
-0.25606516
-0.24725619
-0.06003182
0.14037080
-0.16311459
0.20452833
0.12585226
0.11484493
0.18125696
-0.01824939
0.07762425
0.07302558
0.04413847
0.11227754
0.03619404
-0.05189674
0.04635245
-0.24907789
0.12332656
-0.12156062
-0.25289351
-0.25850311
0.16334793
