0.00770090
0.00952202
-0.00718433
0.03255453
-0.00715603
0.00953614
-0.01456906
-0.02682175
-0.03294655
-0.00137700
-0.00953900
-0.01607092
0.01749621
0.00354024
0.01919474
0.01781807
-0.01675903
0.01358355
-0.01458078
0.00328593
-0.00685840
-0.00832951
0.00424340
0.00021575
0.01593449
0.00400732
0.02138072
-0.00477371
-0.01034515
0.04662604
-0.00522335
-0.01151671
-0.00930103
0.02514342
-0.02642081
0.00816614
-0.00839826
-0.01146199
-0.01211435
-0.00426796
0.03407781
-0.00852189
0.03551544
-0.01270813
0.00438828
0.01793920
0.01876998
-0.00977886
0.00433337
-0.00438614
-0.00636833
-0.02405174
-0.00623067
-0.01599913
0.00543186
0.02982803
0.00549023
-0.03034812
0.03604285
-0.00083126
0.03860537
-0.02385058
0.01035224
-0.01192651
