-0.03288192
-0.11716407
0.00566529
0.01927179
-0.04767581
0.01895652
-0.03925365
-0.03167097
-0.03259180
-0.08926412
-0.04164559
-0.02411873
-0.00396284
-0.01731009
-0.02918353
0.00081492
-0.08302653
-0.00351295
0.03968709
-0.01468209
-0.04961507
-0.00852297
-0.04919232
0.02551942
-0.02988395
-0.01613735
-0.03368798
-0.03014478
-0.04800809
-0.02246345
-0.02748719
-0.02400727
-0.01689709
-0.03602134
-0.01128977
-0.01168088
-0.07182267
-0.05022332
-0.05833076
0.01220072
-0.00078256
-0.01349897
-0.02249932
-0.03209610
-0.05465723
-0.00307272
-0.04546605
-0.02337710
-0.06287397
-0.03005986
-0.01228498
0.01969445
-0.04405823
-0.03858434
0.00476738
-0.01613468
-0.06529822
-0.04948005
-0.01028265
-0.00150796
-0.02324467
-0.01218314
0.02500852
-0.04805448
