0.04911496
0.00356248
-0.02029837
0.00267474
-0.01749423
-0.03040037
0.01082990
0.06036301
-0.00528561
0.06126730
-0.01988334
0.01108233
-0.01417654
0.04097980
0.01764081
-0.00699176
0.02514421
0.01535084
-0.01198561
0.01635113
0.04131837
-0.00897340
0.00803869
-0.04007163
0.00323068
0.00468558
-0.00936269
0.00892709
-0.03037374
-0.00348230
-0.03054165
0.00811573
-0.01009950
-0.04981485
-0.02662050
-0.00250216
0.01845820
0.03732182
0.00821998
0.01160658
-0.01356353
0.00769335
0.01527767
-0.01133420
0.01104503
0.01012729
0.02870743
-0.02192036
0.01096719
0.05231650
-0.03687183
0.02810635
-0.01512358
0.00497632
0.01573699
-0.01075112
0.02218501
-0.01580006
0.02824525
0.01271344
0.01013640
0.01467654
-0.01586449
0.03794694
