-0.17207269
0.13265933
-0.09094796
0.06164709
0.04986997
0.26902187
0.08834913
0.22342375
0.19633751
0.06374942
-0.20361800
-0.25005853
0.08616237
0.28980291
-0.16912909
-0.12840350
-0.18401602
-0.14795023
0.08258373
0.08366674
0.03970017
0.23438552
-0.01483739
-0.09282380
-0.29046661
0.15524380
-0.12226868
-0.09478139
-0.29163796
0.17029677
-0.24877362
0.31387761
0.25310296
0.00130042
-0.02684434
-0.01173721
0.03391799
0.33851153
-0.13358180
0.08266196
-0.10225597
-0.37653372
0.18924673
0.08092657
0.04155552
-0.25864121
0.24671265
-0.27475911
0.01315981
0.12401938
0.10997598
0.03918546
0.14044310
-0.21029381
-0.08825935
-0.16580640
-0.06933742
0.12019607
-0.07657544
0.21746789
0.02700176
-0.22830054
-0.35526383
-0.25845173
-0.22237502
0.21374485
0.31502196
-0.35531044
0.25087243
-0.03100348
-0.34802163
0.22914621
-0.19132063
0.14478761
-0.00932466
-0.09582169
-0.32914308
0.10569339
0.30417705
0.12037307
-0.19916707
-0.00730913
0.22382487
-0.25907224
0.23043440
-0.21818455
0.22071396
0.19142246
-0.09050048
-0.04978462
-0.05055014
0.05326841
0.01238244
0.12249680
0.09684606
-0.12779608
0.09283922
0.18802582
0.31328118
-0.27196658
-0.20573317
-0.04792929
-0.01032589
-0.08007806
0.22426017
0.10069042
0.05411254
0.19725300
-0.19733457
-0.09785797
-0.27175072
-0.12310015
0.21634899
0.19794817
-0.05699936
-0.21959123
0.15574139
0.18536375
0.02137516
-0.34554979
-0.32076171
-0.14893603
0.12150524
0.03734452
0.21509252
0.10528351
-0.06931417
-0.39648208
0.07309679
0.28683230
-0.06329918
-0.01535979
-0.02447111
0.09389434
0.03583338
0.28396699
-0.32951355
0.13022925
-0.00210778
-0.00359163
0.18264918
0.00373373
0.09387980
0.29746500
-0.06088737
0.18114685
-0.03060196
-0.02721785
0.05133658
0.02534284
-0.23664416
0.08785856
0.36498567
-0.05693080
0.28965840
-0.13616186
0.07004433
-0.02608774
-0.04169796
-0.08794320
-0.19050871
0.19295838
-0.17457008
0.15770470
-0.19064295
0.13478293
0.17518827
-0.12900411
0.16062218
0.06336561
0.20886448
0.20324299
0.24560842
-0.26381153
0.10849103
-0.34974897
-0.08136840
-0.28007081
0.08428861
-0.22271505
0.19991994
-0.10406984
0.21121840
-0.02732879
-0.03135264
0.05265122
0.21529974
0.06767285
-0.10252564
0.10728998
-0.07160614
-0.03660406
-0.25472003
0.20263059
0.22580354
-0.21020527
-0.35273454
-0.09252235
-0.15338293
0.16498688
0.04346551
-0.16349551
-0.00568967
0.00450873
0.06560510
-0.29499397
-0.20515232
-0.13176768
0.30342731
-0.07383253
-0.07460861
-0.08755193
0.18358299
-0.01164573
0.10395244
-0.24321762
-0.11449739
-0.12965053
0.04093132
-0.03900194
0.02606728
-0.19569767
0.23722824
0.17313460
-0.13187583
0.07957606
-0.24758457
0.32326698
-0.04902916
-0.02523204
-0.12789725
-0.14407712
0.13413300
-0.04900413
-0.25795576
0.15261152
0.04660140
-0.30379128
0.11271343
-0.19635613
0.16660056
-0.01665191
0.16660774
0.23409423
0.06128157
0.11732327
0.25488159
-0.07263792
-0.13133229
-0.16887547
0.31122053
-0.18783478
-0.38012326
-0.11929988
-0.20510362
-0.35716590
0.23052977
-0.24929343
-0.06611437
0.19609487
0.17345786
0.14376654
0.23659968
-0.09266464
-0.22666058
0.14489551
0.22352991
-0.26857677
-0.17751470
0.05559257
0.03388663
-0.06503467
0.27355692
-0.22539344
-0.12127482
0.23843250
0.07884891
-0.29142377
0.10546742
-0.22452022
-0.21514598
-0.26860502
0.08060736
-0.24031019
-0.21335386
-0.03930890
0.15486524
-0.24584147
-0.05007661
0.13757673
-0.15961145
-0.27510035
-0.04840283
-0.10389568
0.16296695
0.17576183
0.03321568
0.29308417
-0.27126765
-0.03245492
0.09363353
-0.12295058
-0.16371007
0.06366901
0.00764593
-0.16653989
0.02450410
0.28170961
0.14346857
-0.26022103
-0.20568468
-0.10961597
-0.33636788
-0.35673374
0.06715013
-0.01490523
0.05823772
-0.23402572
-0.01113706
-0.10593022
-0.03765766
0.00591271
0.20736299
0.14141066
-0.19160429
-0.17695600
-0.08127462
0.15464324
-0.02784834
0.25909933
-0.03018541
-0.25019470
0.17822109
0.13739826
0.18461077
0.15432511
-0.20817007
-0.24373280
0.06276155
0.27516589
-0.05233490
0.08754740
0.09649723
0.10448336
-0.15272211
-0.15898702
-0.35740030
-0.01792705
-0.35269189
0.20457378
-0.10124479
0.00081953
0.23381284
-0.27457532
0.12355562
0.06993514
-0.21643558
-0.27928725
0.27512911
0.17354006
0.17599696
0.22309315
0.17322414
-0.20188320
-0.11761095
0.08519595
-0.08248468
0.22176756
-0.12568179
-0.30587769
-0.20793782
0.27914655
-0.00224336
-0.40025762
0.15543856
-0.24149461
0.05318640
0.25500038
-0.09048832
0.11644976
0.26780978
0.23596604
0.15673877
0.20581663
-0.28205207
-0.21729536
0.05069322
0.30891040
0.08215388
0.09183872
0.19412009
-0.04951458
0.11010416
-0.18309325
0.18135875
-0.25012511
-0.21631244
-0.01775093
-0.12826672
-0.29554060
0.23583362
0.07494903
-0.21388663
-0.26370877
-0.03849968
0.11387505
-0.13281623
-0.15862033
-0.41692531
0.21730523
-0.27520105
-0.28434658
-0.16009153
-0.15301208
0.26069707
-0.31039071
0.09282260
0.06615843
0.23595370
0.13337117
0.12586926
-0.15873265
-0.28967306
-0.24017797
0.15442300
-0.14339149
0.25978956
0.21353278
-0.05124474
0.01558525
-0.14324804
-0.23511116
0.17649551
-0.18682894
0.26163194
0.13689364
-0.11972368
-0.07781610
-0.11324885
0.19244182
-0.01126081
0.36504784
0.16033168
-0.15029052
-0.23564667
-0.00000015
0.06694107
-0.28784913
-0.08357253
0.03493777
0.12709163
-0.20204304
0.13614406
-0.04779111
-0.26730758
0.11928843
-0.23918042
-0.03277310
0.10319067
-0.04096941
0.09695292
-0.12078722
-0.02171194
-0.35586816
-0.31760076
-0.20017703
-0.20435061
0.14920506
0.06999988
-0.23949999
-0.13795941
-0.06901859
0.11178241
0.23385222
-0.13938916
-0.05976493
0.14508025
-0.03872800
-0.12634382
-0.16271339
0.19605531
-0.15107267
-0.24162744
0.16469555
-0.16506077
0.28976151
0.09217976
0.08023943
-0.28415093
0.00019924
0.01060735
0.13033979
-0.23467189
-0.19714989
0.21037321
-0.09998957
0.10856406
0.18966098
0.27699235
-0.28011492
-0.04578612
-0.05568969
0.14356123
0.24454020
-0.14204609
0.18553361
0.05196606
0.18864526
0.10202909
-0.17587009
-0.11924809
-0.25170201
-0.10463405
0.27900532
-0.05046487
0.08917582
0.07115635
-0.05489354
0.08721515
-0.08708990
-0.09001437
-0.29472309
-0.23935962
-0.22924480
-0.15790556
0.27049217
-0.21575889
0.04383283
-0.11179684
0.34853056
-0.35941693
0.01713809
-0.25903186
-0.32824320
0.34013987
-0.18958876
-0.00507028
-0.11402389
-0.15173951
0.30401292
0.10477273
0.28462416
-0.26288679
0.16421032
0.03177962
0.19362256
-0.05655187
-0.21770090
-0.12316985
0.19193199
0.20092669
-0.16303845
0.24356765
-0.01470593
-0.07159764
0.12822264
0.00842312
0.15613428
0.03077289
0.27330580
0.30946749
0.15203777
-0.35041636
-0.24751386
-0.14950649
-0.00262309
0.24516980
-0.11299848
0.12401886
-0.01803884
0.17420138
-0.22536908
-0.00398692
-0.02026382
0.09237637
-0.33918753
-0.29707050
0.01313657
-0.05650335
0.27530989
-0.27239069
0.32250464
0.08600572
-0.18680061
0.24721897
0.21995154
0.24935097
-0.10810806
-0.17601776
-0.36751857
-0.14240354
-0.02928540
-0.24126555
-0.15483709
-0.01910286
-0.27794868
-0.15871473
-0.30551648
0.15463144
0.06615572
-0.06768823
0.14117616
0.10547613
0.05015891
0.22112590
0.01580326
0.01818372
-0.21582283
-0.24776304
-0.24409889
0.06441394
0.18135783
0.20482352
0.33846971
-0.34607720
-0.14373167
-0.00500154
-0.25394821
0.14475921
0.10243831
0.11117129
-0.08107091
-0.00404446
-0.00556624
-0.16739629
0.10025676
0.15316577
0.09622847
-0.25086650
-0.17513166
0.27312320
-0.01353712
-0.09170544
0.03335030
0.21332885
0.21283005
0.04563479
-0.16870680
-0.05305948
-0.12949190
