86
-26
-5
15
65
79
-98
-93
1
45
85
-28
57
-5
-75
-85
-99
45
7
41
-26
-12
11
76
4
40
-30
49
83
-3
17
52
71
-93
-28
39
-69
44
-39
-35
-27
17
55
23
24
-9
-53
-60
-52
44
21
40
41
49
34
-35
20
56
92
-24
-38
-8
79
-30
-62
-56
-98
9
-127
31
-43
55
-77
88
45
70
-78
-23
59
-3
20
36
-29
22
27
40
35
-125
-11
32
34
-95
-68
47
40
-28
57
44
7
25
90
-32
-104
-65
67
35
36
18
-30
-29
-93
13
-21
-57
40
51
32
-31
55
46
-25
-27
69
30
40
22
-17
61
-9
-51
-51
71
42
1
51
54
82
-8
-11
-10
-68
56
-28
-31
8
48
-37
54
67
-14
68
87
69
-107
32
-17
43
91
-9
47
-96
8
4
72
-41
30
86
31
23
2
-35
65
-25
37
33
-55
69
49
25
-19
-13
42
-21
-38
54
-53
-59
-32
-106
28
26
-63
35
55
78
-34
5
-61
42
48
-46
-69
-79
-5
-17
33
-59
69
24
-98
48
2
17
20
-20
-20
-56
-9
26
44
36
-4
-78
-2
14
78
21
-74
16
-76
73
-10
-27
-64
-89
-127
68
74
-38
60
56
24
41
10
22
22
29
24
-17
34
-43
75
44
-60
-106
31
-102
52
58
-54
27
-44
-2
37
41
-90
-87
-21
50
-58
72
44
41
64
-6
27
26
16
40
13
-18
16
-88
44
-43
-89
-91
58
