-52
40
-28
19
15
82
27
68
60
19
-62
-76
26
88
-52
-39
-56
-45
25
25
12
71
-5
-28
-88
47
-37
-29
-89
52
-76
96
77
0
-8
-4
10
103
-41
25
-31
-115
58
25
13
-79
75
-84
4
38
33
12
43
-64
-27
-51
-21
37
-23
66
8
-70
-108
-79
-68
65
96
-108
76
-9
-106
70
-58
44
-3
-29
-100
32
93
37
-61
-2
68
-79
70
-66
67
58
-28
-15
-15
16
4
37
30
-39
28
57
95
-83
-63
-15
-3
-24
68
31
16
60
-60
-30
-83
-37
66
60
-17
-67
47
56
7
-105
-98
-45
37
11
66
32
-21
-121
22
87
-19
-5
-7
29
11
86
-100
40
-1
-1
56
1
29
91
-19
55
-9
-8
16
8
-72
27
111
-17
88
-41
21
-8
-13
-27
-58
59
-53
48
-58
41
53
-39
49
19
64
62
75
-80
33
-107
-25
-85
26
-68
61
-32
64
-8
-10
16
66
21
-31
33
-22
-11
-78
62
69
-64
-107
-28
-47
50
13
-50
-2
1
20
-90
-62
-40
92
-22
-23
-27
56
-4
32
-74
-35
-39
12
-12
8
-60
72
53
-40
24
-75
98
-15
-8
-39
-44
41
-15
-79
46
14
-93
34
-60
51
-5
51
71
19
36
78
-22
-40
-51
95
-57
-116
-36
-62
-109
70
-76
-20
60
53
44
72
-28
-69
44
68
-82
-54
17
10
-20
83
-69
-37
73
24
-89
32
-68
-66
-82
25
-73
-65
-12
47
-75
-15
42
-49
-84
-15
-32
50
54
10
89
-83
-10
29
-37
-50
19
2
-51
7
86
44
-79
-63
-33
-102
-109
20
-5
18
-71
-3
-32
-11
2
63
43
-58
-54
-25
47
-8
79
-9
-76
54
42
56
47
-63
-74
19
84
-16
27
29
32
-47
-48
-109
-5
-107
62
-31
0
71
-84
38
21
-66
-85
84
53
54
68
53
-61
-36
26
-25
68
-38
-93
-63
85
-1
-122
47
-74
16
78
-28
35
82
72
48
63
-86
-66
15
94
25
28
59
-15
34
-56
55
-76
-66
-5
-39
-90
72
23
-65
-80
-12
35
-40
-48
-127
66
-84
-87
-49
-47
79
-95
28
20
72
41
38
-48
-88
-73
47
-44
79
65
-16
5
-44
-72
54
-57
80
42
-36
-24
-34
59
-3
111
49
-46
-72
0
20
-88
-25
11
39
-62
41
-15
-81
36
-73
-10
31
-12
30
-37
-7
-108
-97
-61
-62
45
21
-73
-42
-21
34
71
-42
-18
44
-12
-38
-50
60
-46
-74
50
-50
88
28
24
-87
0
3
40
-71
-60
64
-30
33
58
84
-85
-14
-17
44
74
-43
57
16
57
31
-54
-36
-77
-32
85
-15
27
22
-17
27
-27
-27
-90
-73
-70
-48
82
-66
13
-34
106
-109
5
-79
-100
104
-58
-2
-35
-46
93
32
87
-80
50
10
59
-17
-66
-38
58
61
-50
74
-4
-22
39
3
48
9
83
94
46
-107
-75
-46
-1
75
-34
38
-5
53
-69
-1
-6
28
-103
-90
4
-17
84
-83
98
26
-57
75
67
76
-33
-54
-112
-43
-9
-73
-47
-6
-85
-48
-93
47
20
-21
43
32
15
67
5
6
-66
-75
-74
20
55
62
103
-105
-44
-2
-77
44
31
34
-25
-1
-2
-51
31
47
29
-76
-53
83
-4
-28
10
65
65
14
-51
-16
-39
